5046218927
8102929388
8566368749
9073854412
5135701893
4195032484
7735736914
4087523500
6054142147
4106558723
2158741229
6313353414
3104985651
4407808425
9565376195
6022774385
9313139635
4146619598
3132887937
8158282147
6105453615
4085401785
9723039197
5189667987
7326583154
7156626764
9133882079
4106691642
2125824976
9363363951
6148019788
5059773911
2017096245
7329247882
2128601579
5049799175
2126758570
8058326163
2108129597
7854637829
5415488197
9134134604
9072314722
3056067291
9077411044
9527682416
6173995124
3234532780
6083367444
2159079111
2124029216
9318756644
8039255213
6108145533
9088776135
5169686051
2159348655
8184234007
4014582547
2152119589
4019608259
7322341546
5124863817
3037247371
4147481374
2126749610
9077979628
8143935571
4109149018
2088625339
4153152761
9192259345
6505285783
9256473298
7403438575
5858668313
4105204832
9733542040
7734465569
9739273447
5059758559
7183326527
9047754480
5109933758
2166577668
8179147518
3107747643
8477287286
3305375358
2152551641
6508031936
6265721096
2547828569
9078705536
4087038505
5105037169
3177225066
3077048713
7032353937
