5048451427
8103749840
8562644130
9079212010
5135494561
4198006759
7739248565
4088131105
6057944895
4108044694
2154228694
6316773675
3102543084
4405797763
9568417216
6029536360
9312357959
4143772880
3133414470
8154265657
6104924643
4088134592
9728964882
5184488982
7326353453
7155309863
9138991103
4102358738
2129345167
9365973614
6146483265
5053355293
2013879093
7327826701
2127532740
5042658174
2125694233
8056091531
2103006244
7852197724
5419932611
9136458918
9073356568
3059952078
9072276777
9524792375
6179975771
3233157314
6086587940
2157944519
2126175063
9313036041
8036813678
6103797125
9084704661
5163334861
2153296386
8187498650
4015598961
2154179563
4013008122
7329042931
5128613814
3038745160
4145737719
2124629157
9078732882
8144203553
4109374543
2087378439
4156047609
9197153791
6508119032
9255227798
7405265410
5854984278
4109576903
9738479611
7733523437
9737963667
5059501763
7186547063
9045149918
5109017640
2167338494
8174513518
3109681219
8479574614
3307002312
2152288264
6502165075
6266962777
2542051422
9079149482
4084408447
5104524835
3174722412
3072793793
7034757568
5049461807
3035219860
5104727758
8084752310
9529389457
3364974407
5163657266
5039097167
6089428836
5088431426
3053046573
8142992877
9727424000
9317391551
9732844048
3055758481
4109168015
8056386617
8082405168
2293659658
6176976024
2019953149
6502472625
9095891693
5107559274
5189317852
5704698401
9738189788
9084481209
3216324668
7184788568
8085265863
3036923118
9732256259
6092348376
9084268272
5083153867
7735391058
5034553094
2142255850
3125122338
4192544591
9512486822
2548168417
6154489249
4148383151
4107246472
9728217118
3109697230
5163573362
6092639243
5134181566
5418015717
9198852453
2128808865
6022773025
3177875514
3156406357
8567023676
5163764230
5014096072
6517769688
2153464666
9852615783
6319982102
9167707448
2086903315
5125289933
2154175612
8087461865
7758489135
8478003054
9738688660
8645944578
4108638263
9147963775
2122537448
5109425916
9782897717
4157129530
2012478925
9255418521
7732979391
9735825469
4195732033
3106948466
3529905946
4083462180
5703551665
2018589960
9259433449
9086025258
6312914976
8058108964
9089436103
5037075812
5039503068
8568286021
7708024003
9046274341
2072336185
8175776151
7168549845
3058575489
2127783063
2155113531
8503308079
4158742984
4084251994
6509601069
8184815787
2154833003
3377747564
3133907855
5126938345
2145291949
2063891482
6107522683
2158294221
3104994200
7078813154
4079458566
7604654762
5085046388
9369888171
4144115744
6266384241
9146541426
2147856750
2284324635
3052874743
2123116377
2013658698
7344088174
6312959879
3306182579
2038408634
7039387939
9786797429
4193135571
2538759222
9162894526
3074537589
2072975029
2156472158
8138636467
6196958086
9798095770
8472656609
6098547156
9086704712
7182804183
3148584832
2092427022
9738228827
3174415848
2062955631
3364673095
7856161685
4074292145
6126646304
8039753405
7078218037
8475562909
9499033898
3037941341
2038018497
4257003751
4403272093
6037457497
3215972159
2127823493
7146982170
2487934966
3173421532
9403023036
2035641543
4102592118
5046358518
8048581011
2158469046
9529064597
3055731085
4146609766
7324456940
7014217080
7755781214
6023046433
6158254297
4109512667
2127456948
8065585848
3238428226
6196664765
7705312842
5085025634
2694319464
9739768627
3377512326
7175831497
3142313514
8179479480
8133577296
7709309967
7607452649
5177477664
6023306894
2077483722
3013926698
7173442804
9728981033
4063747752
9735639502
2486977722
2162709653
3256677868
8178197799
7187329475
4018857681
7176867564
4015529059
3053021135
2014123040
2106342447
7188533740
9096315703
2169375320
2122259676
8048089574
7066165131
3379918070
9739864456
6073507690
9733552120
2087934108
4152842730
5086187826
2488115696
9203551610
4107733862
7195479543
4193991744
3012574883
5088977916
7038922914
4109126032
5127421149
6234264907
4194886648
2069236042
5137479603
8124428544
8476135866
7183944974
4078083254
3106522379
8137447100
9153006100
6199356661
3015913034
7146639740
3146973652
5129423411
3363646037
6312882866
2017498866
9015739024
4046078435
6507499879
9523145871
4802055121
7186139994
7705844119
5075905237
2039382557
2603824869
6012494511
5862471614
7192232074
2124225427
5104414055
7733596109
5708688688
5303993254
8456947919
2168716876
9734735108
9077703542
2153808820
5138639471
3109555788
5153721738
6103787332
9192545987
5095956485
9148833061
4102342267
5167326649
5086587802
9185651706
2312656940
3372553427
4194174674
6197273892
2039183939
2019697063
3305668898
2017724377
6165684113
6016375479
9018694314
3039977760
9017395892
6262937678
7738572231
7187285051
5098473352
4104294888
9736056492
5627197922
7326175310
9734918723
3038455408
7579401741
6024423092
3059782069
6025753457
3865997296
4154191597
8582285683
2017727699
9096653223
6175442541
7602614786
3109362258
7176325831
4808666544
5619519734
6157264537
8593084286
7348518571
9369372334
9736442974
2018562720
3053067834
9314866946
7145311391
8477559041
2153518523
9736628988
8144811700
8018928781
9102007912
2136968004
5178678077
3154745570
5744051983
4074721332
9739034175
6093982805
6083023387
9143962615
3365641492
4105227621
7327056719
8309195991
8477405304
7327247251
4027071602
7038744248
9729614968
2124289538
5167493188
3529476152
3178878486
8163295565
6019735754
3257403778
4089977490
8565137024
5105093496
4075648113
3078167115
5164079573
6085866912
2014788540
5705692356
8587321884
7604939208
6098264990
4018931820
7852537049
9164592433
3862086976
2022766826
4159266089
2082069848
5743301884
3082506987
2063956284
4075578857