70116
48116
8014
99501
45011
44805
60632
95111
57105
21224
19443
11953
90034
44023
78045
85013
37110
53207
48180
61109
19014
95111
75062
12204
8846
54481
66218
21601
10011
77301
43215
88011
7660
8812
10025
70002
10011
93012
78204
67410
97754
66204
99708
33196
99712
55343
2128
90006
53711
19132
10003
37388
29201
19087
8822
11590
19046
91405
2909
19006
2904
8831
78731
80126
53214
10009
99515
16502
21061
83707
94104
27514
94070
94520
43140
14895
21215
7105
60647
7104
88101
10309
32254
94545
44122
76040
90247
60201
44302
19106
94010
91776
76708
99501
95110
94577
46202
82901
22102